(400, 400, 3)

11677

11677

Iterations: 2

Iterations: 3

Iterations: 4

Iterations: 5

angles coordinates
[(233, 47), (159, 346), (146, 346), (252, 47), (72, 47), (53, 47)]

[(159, 346), (146, 346), (252, 47), (72, 47), (53, 47), (233, 47)]

[(252, 47), (53, 47), (159, 346), (146, 346), (72, 47), (233, 47)]

[(252, 48), (53, 47), (159, 346), (146, 346), (72, 47), (233, 47)]

(400, 400, 3)

148113

148113

Iterations: 2

Iterations: 3

Iterations: 4

Iterations: 5

angles coordinates
[(153, 301)]

[(153, 301)]

[(153, 301)]

[(153, 301)]