(400, 400, 3)

13200

13200
Iterations: 2
Iterations: 3
Iterations: 4
Iterations: 5
angles coordinates
[(252, 327), (252, 66), (252, 346), (252, 47), (53, 346), (53, 47)]

[(252, 327), (252, 66), (252, 346), (252, 47), (53, 346), (53, 47)]

[(252, 327), (252, 66), (252, 346), (252, 47), (53, 346), (53, 47)]

[(252, 327), (252, 66), (252, 346), (252, 47), (53, 346), (53, 47)]

(319, 319, 3)

88561

88561
Iterations: 2
Iterations: 3
Iterations: 4
Iterations: 5
angles coordinates
[(73, 67), (73, 326)]

[(73, 67), (73, 326)]

[(73, 67), (73, 326)]

[(73, 67), (73, 326)]

