(400, 400, 3)

15200

15200
Iterations: 2
Iterations: 3
Iterations: 4
Iterations: 5
angles coordinates
[(233, 47), (252, 346), (252, 47), (72, 47), (53, 346), (53, 47)]

[(233, 47), (252, 346), (252, 47), (72, 47), (53, 346), (53, 47)]

[(233, 47), (252, 346), (252, 47), (72, 47), (53, 346), (53, 47)]

[(233, 47), (252, 346), (252, 47), (72, 47), (53, 346), (53, 47)]

(319, 319, 3)

86561

86561
Iterations: 2
Iterations: 3
Iterations: 4
Iterations: 5
angles coordinates
[(232, 326), (73, 326)]

[(232, 326), (73, 326)]

[(232, 326), (73, 326)]

[(232, 326), (73, 326)]

