(400, 400, 3)

16800

16800
Iterations: 2
Iterations: 3
Iterations: 4
Iterations: 5
angles coordinates
[(252, 206), (252, 187), (252, 327), (252, 66), (252, 346), (252, 47), (53, 346), (53, 47)]

[(252, 206), (252, 187), (252, 327), (252, 66), (252, 346), (252, 47), (53, 346), (53, 47)]

[(252, 206), (252, 187), (252, 327), (252, 66), (252, 346), (252, 47), (53, 346), (53, 47)]

[(252, 206), (252, 187), (252, 327), (252, 66), (252, 346), (252, 47), (53, 346), (53, 47)]

(319, 319, 3)

84961

84961
Iterations: 2
Iterations: 3
Iterations: 4
Iterations: 5
angles coordinates
[(73, 186), (73, 207), (73, 67), (73, 326)]

[(73, 186), (73, 207), (73, 67), (73, 326)]

[(73, 186), (73, 207), (73, 67), (73, 326)]

[(73, 186), (73, 207), (73, 67), (73, 326)]

